_C_cf87_5ed0cb95_2 94 0 20 0 0 67 
_C_1ad81_5ed4caf7_2 94 0 40 0 0 0 0 0 
_C_3c0b_5ed06ee6_1 8c 0 d0 0 0 3d202564 0 6c756520 0 3a207661 0 666d6170 0 6f726d20 0 616e7366 0 7472 
_C_e031_5ed77cbc_2 94 0 20 0 0 ffff8000 
_C_12e56_5ed212c6_2 94 0 20 0 0 24 
_C_3c0b_5ed06ee6_b 94 0 20 0 0 25 
_C_b167_5ed771d8_3 94 0 20 0 0 7fff 
_C_3c0b_5ed06ee6_4 84 0 20 0 0 0 
_C_18024_5ed4c37f_2 94 0 30 0 0 0 0 0 
_C_3c0b_5ed06ee6_9 94 0 20 0 0 11 
_C_8e74_5ed1c2cf_2 94 0 20 0 0 19 
_C_3c0b_5ed06ee6_2 8c 0 e0 0 0 3d202564 0 6c756520 0 3a207661 0 69676874 0 6d207765 0 73666f72 0 7472616e 
_C_3c0b_5ed06ee6_6 94 0 20 0 0 7 
_C_b167_5ed771d8_2 94 0 30 0 0 7fff 0 0 
_C_b167_5ed771d8_4 94 0 30 0 0 ffff8000 0 ffffffff 
_C_3c0b_5ed06ee6_5 94 0 20 0 0 1 
_C_3c0b_5ed06ee6_7 94 0 20 0 0 d 
_C_3c0b_5ed06ee6_8 94 0 20 0 0 f 
_C_3c0b_5ed06ee6_a 94 0 20 0 0 a 
