_C_f19e_5ecf5db3_1 8c 0 a0 0 0 61746121 0 61702064 0 6d20666d 0 73666f72 0 7472616e 
_C_12e1b_5ecf6778_1 8c 0 78 0 0 6567696e 0 726d2062 0 6e73666f 0 747261 
_C_166eb_5ecf6f12_2 8c 0 d0 0 0 3d202564 0 6c756520 0 3a207661 0 666d6170 0 6f726d20 0 616e7366 0 7472 
_C_1639d_5ecf6ef5_3 8c 0 d0 0 0 3d202567 0 6c756520 0 3a207661 0 666d6170 0 6f726d20 0 616e7366 0 7472 
_C_13214_5ecf680f_2 84 0 70 0 0 0 0 0 0 0 0 0 
_C_1639d_5ecf6ef5_2 84 0 b0 0 0 0 0 0 0 0 0 0 0 0 0 0 
_C_f53f_5ecf5ddc_1 8c 0 18 0 0 676f21 
_C_13214_5ecf680f_3 8c 0 90 0 0 6e202564 0 62656769 0 6f726d20 0 616e7366 0 7472 
_C_18246_5ecf72a7_3 94 0 20 0 0 25 
_C_63c6_5ecf28a0_2 84 0 20 0 0 0 
_C_63c6_5ecf28a0_6 94 0 20 0 0 11 
_C_18645_5ecf7302_1 8c 0 e0 0 0 3d202564 0 6c756520 0 3a207661 0 69676874 0 6d207765 0 73666f72 0 7472616e 
_C_63c6_5ecf28a0_3 94 0 20 0 0 7 
_C_ea0c_5ecf5cbe_2 94 0 20 0 0 1 
_C_63c6_5ecf28a0_4 94 0 20 0 0 d 
_C_63c6_5ecf28a0_5 94 0 20 0 0 f 
_C_18246_5ecf72a7_2 94 0 20 0 0 a 
