_C_dddb_5e71eaf9_8 9c 0 20 0 3ff00000 
_C_dddb_5e71eaf9_b 9c 0 20 0 40020000 
_C_dddb_5e71eaf9_9 9c 0 20 0 bff00000 
_C_dddb_5e71eaf9_1 8c 0 238 0 0 656e7421 0 70726573 0 6e207265 0 73206361 0 20626974 0 686f6c65 0 25642077 0 68616e20 0 65722074 0 6c617267 0 20697320 0 72202566 0 756d6265 0 616c206e 0 74696f6e 0 21207261 0 6f722121 0 457272 
_C_dddb_5e71eaf9_5 8c 0 60 0 0 3d202566 0 20256620 0 2566202f 
_C_dddb_5e71eaf9_a 9c 0 20 0 c0404000 
_C_dddb_5e71eaf9_3 8c 0 2c8 0 0 69747321 0 25642062 0 696e6720 0 74207573 0 20706172 0 6f6e616c 0 61637469 0 73206672 0 20256627 0 6d626572 0 6c206e75 0 696f6e61 0 20726174 0 74696e67 0 6e766572 0 4e20636f 0 4953494f 0 50524543 0 204f4620 0 4c4f5353 0 21212120 0 72726f72 0 45 
_C_dddb_5e71eaf9_d 9c 0 20 0 40f00000 
_C_dddb_5e71eaf9_6 94 0 20 0 0 2d 
_C_dddb_5e71eaf9_7 84 0 1e 0 0 0 
_C_e1d5_5e71eba7_2 84 0 20 0 0 0 
_C_dddb_5e71eaf9_2 94 0 20 0 0 10 
_C_dddb_5e71eaf9_4 94 0 20 0 0 f 
_C_dddb_5e71eaf9_c 9c 0 20 0 0 
