16453 0 2097152 0 0 0 0 0 0 0 
4101 16 2097154 0 0 0 0 0 0 0 
16421 0 2100736 0 0 0 0 0 0 0 
4101 4 2097154 0 0 0 0 0 0 0 
53388 0 2097282 0 0 0 0 0 0 0 
16421 1 2098368 0 0 0 0 0 0 0 
16421 1 2098370 0 0 0 0 0 0 0 
16421 0 2097280 0 0 0 0 0 0 0 
8197 0 2097152 0 0 0 0 0 0 0 
2220 0 2097282 0 0 0 0 0 0 0 
8324 0 2097282 0 0 0 0 0 0 0 
57484 0 2097282 0 0 0 0 0 0 0 
12293 4 2097154 0 0 0 0 0 0 0 
321 0 2097152 0 0 0 0 0 0 0 
4101 256 2097154 0 0 0 0 0 0 0 
4101 64 2097154 0 0 0 0 0 0 0 
16421 1 2097856 0 0 0 0 0 0 0 
16418 0 2097152 0 0 0 0 0 0 0 
16421 1 2097858 0 0 0 0 0 0 0 
8261 0 2097152 0 0 0 0 0 0 0 
12293 64 2097154 0 0 0 0 0 0 0 
1540 0 2097282 0 0 0 0 0 0 0 
1797 0 2097282 0 0 0 0 0 0 0 
1541 0 2097282 0 0 0 0 0 0 0 
1796 0 2097282 0 0 0 0 0 0 0 
1028 0 2097282 0 0 0 0 0 0 0 
257 0 2097282 0 0 0 0 0 0 0 
1284 0 2097282 0 0 0 0 0 0 0 
1029 0 2097282 0 0 0 0 0 0 0 
256 0 2097282 0 0 0 0 0 0 0 
773 0 2097282 0 0 0 0 0 0 0 
516 0 2097282 0 0 0 0 0 0 0 
517 0 2097282 0 0 0 0 0 0 0 
4116 0 2097282 0 0 0 0 0 0 0 
2309 0 2097282 0 0 0 0 0 0 0 
2052 0 2097282 0 0 0 0 0 0 0 
2053 0 2097282 0 0 0 0 0 0 0 
4100 0 2097282 0 0 0 0 0 0 0 
4101 0 2097282 0 0 0 0 0 0 0 
12308 0 2097282 0 0 0 0 0 0 0 
12309 0 2097282 0 0 0 0 0 0 0 
12292 0 2097282 0 0 0 0 0 0 0 
8213 0 2097282 0 0 0 0 0 0 0 
12293 0 2097282 0 0 0 0 0 0 0 
