_C_2b1c_5ed71a70_3 94 0 40 0 0 0 0 0 
_C_38f3_5ed06ec7_1 8c 0 d0 0 0 3d202564 0 6c756520 0 3a207661 0 666d6170 0 6f726d20 0 616e7366 0 7472 
_C_38f3_5ed06ec7_b 94 0 20 0 0 25 
_C_2b1c_5ed71a70_2 94 0 30 0 0 0 0 0 
_C_38f3_5ed06ec7_4 84 0 20 0 0 0 
_C_38f3_5ed06ec7_9 94 0 20 0 0 11 
_C_38f3_5ed06ec7_2 8c 0 e0 0 0 3d202564 0 6c756520 0 3a207661 0 69676874 0 6d207765 0 73666f72 0 7472616e 
_C_38f3_5ed06ec7_6 94 0 20 0 0 7 
_C_38f3_5ed06ec7_5 94 0 20 0 0 1 
_C_38f3_5ed06ec7_7 94 0 20 0 0 d 
_C_38f3_5ed06ec7_8 94 0 20 0 0 f 
_C_38f3_5ed06ec7_a 94 0 20 0 0 a 
